package com.onewolf.alpha.lib.linalg;

import java.lang.reflect.Constructor;
import java.lang.reflect.InvocationTargetException;
import java.util.Collection;
import java.util.LinkedList;

import com.onewolf.alpha.lib.linalg.MatrixFieldGen.GeneratedMatrixSet;

public class GeneratedMatrices {

	public static final GeneratedMatrixSet[] iteration_000 = {
			new GeneratedMatrixSet(2, new double[] { 0.986661, 0.273228, 0.260540, 0.637193, },
					new double[][] { { 0.986661, 0.273228, }, { 0.260540, 0.637193, }, },
					new double[][] { { 0.986661, 0.260540, }, { 0.273228, 0.637193, }, }),
			new GeneratedMatrixSet(2, new double[] { 0.269570, 0.729363, 0.921247, 0.089614, },
					new double[][] { { 0.269570, 0.729363, }, { 0.921247, 0.089614, }, },
					new double[][] { { 0.269570, 0.921247, }, { 0.729363, 0.089614, }, }),
			new GeneratedMatrixSet(2, new double[] { -0.144125, 1.525555, -0.100873, -0.061049, },
					new double[][] { { -0.144125, 1.525555, }, { -0.100873, -0.061049, }, },
					new double[][] { { -0.144125, -0.100873, }, { 1.525555, -0.061049, }, }),
			new GeneratedMatrixSet(3,
					new double[] { 0.812176, 0.129521, 0.449453, 0.578018, 0.793725, 0.847421, 0.804470, 0.531587,
							0.551587, },
					new double[][] { { 0.812176, 0.129521, 0.449453, }, { 0.578018, 0.793725, 0.847421, },
							{ 0.804470, 0.531587, 0.551587, }, },
					new double[][] { { 0.812176, 0.578018, 0.804470, }, { 0.129521, 0.793725, 0.531587, },
							{ 0.449453, 0.847421, 0.551587, }, }),
			new GeneratedMatrixSet(3,
					new double[] { 0.098183, -0.023299, -0.510234, 0.445119, 0.762029, -0.767606, 0.687404, 0.744715,
							0.259785, },
					new double[][] { { 0.098183, -0.023299, -0.510234, }, { 0.445119, 0.762029, -0.767606, },
							{ 0.687404, 0.744715, 0.259785, }, },
					new double[][] { { 0.098183, 0.445119, 0.687404, }, { -0.023299, 0.762029, 0.744715, },
							{ -0.510234, -0.767606, 0.259785, }, }),
			new GeneratedMatrixSet(3,
					new double[] { -0.031861, 1.614784, 0.213596, -1.337484, -0.208494, 0.038725, -1.111035, -0.333997,
							0.523979, },
					new double[][] { { -0.031861, 1.614784, 0.213596, }, { -1.337484, -0.208494, 0.038725, },
							{ -1.111035, -0.333997, 0.523979, }, },
					new double[][] { { -0.031861, -1.337484, -1.111035, }, { 1.614784, -0.208494, -0.333997, },
							{ 0.213596, 0.038725, 0.523979, }, }),
			new GeneratedMatrixSet(4,
					new double[] { 0.795106, 0.148250, 0.863339, 0.950582, 0.259998, 0.984585, 0.857756, 0.287900,
							0.235245, 0.301609, 0.876130, 0.576727, 0.814820, 0.973995, 0.901233, 0.386212, },
					new double[][] { { 0.795106, 0.148250, 0.863339, 0.950582, },
							{ 0.259998, 0.984585, 0.857756, 0.287900, }, { 0.235245, 0.301609, 0.876130, 0.576727, },
							{ 0.814820, 0.973995, 0.901233, 0.386212, }, },
					new double[][] { { 0.795106, 0.259998, 0.235245, 0.814820, },
							{ 0.148250, 0.984585, 0.301609, 0.973995, }, { 0.863339, 0.857756, 0.876130, 0.901233, },
							{ 0.950582, 0.287900, 0.576727, 0.386212, }, }),
			new GeneratedMatrixSet(4,
					new double[] { -0.838007, 0.553113, 0.575432, 0.283435, 0.779275, -0.771435, -0.508000, 0.264516,
							-0.731946, -0.859559, 0.768030, -0.659821, -0.022273, -0.836684, 0.340412, -0.092745, },
					new double[][] { { -0.838007, 0.553113, 0.575432, 0.283435, },
							{ 0.779275, -0.771435, -0.508000, 0.264516, },
							{ -0.731946, -0.859559, 0.768030, -0.659821, },
							{ -0.022273, -0.836684, 0.340412, -0.092745, }, },
					new double[][] { { -0.838007, 0.779275, -0.731946, -0.022273, },
							{ 0.553113, -0.771435, -0.859559, -0.836684, },
							{ 0.575432, -0.508000, 0.768030, 0.340412, },
							{ 0.283435, 0.264516, -0.659821, -0.092745, }, }),
			new GeneratedMatrixSet(4,
					new double[] { 0.962436, 0.171608, -1.714044, -1.043230, 0.023406, -1.518095, -0.142006, -0.419118,
							0.117506, -1.086014, 0.012923, -0.433930, 0.699418, 0.250480, 0.090163, 0.694689, },
					new double[][] { { 0.962436, 0.171608, -1.714044, -1.043230, },
							{ 0.023406, -1.518095, -0.142006, -0.419118, },
							{ 0.117506, -1.086014, 0.012923, -0.433930, },
							{ 0.699418, 0.250480, 0.090163, 0.694689, }, },
					new double[][] { { 0.962436, 0.023406, 0.117506, 0.699418, },
							{ 0.171608, -1.518095, -1.086014, 0.250480, },
							{ -1.714044, -0.142006, 0.012923, 0.090163, },
							{ -1.043230, -0.419118, -0.433930, 0.694689, }, }),
			new GeneratedMatrixSet(10, new double[] { 0.566343, 0.985567, 0.000219, 0.512613, 0.232627, 0.039313,
					0.609674, 0.340668, 0.764107, 0.557302, 0.208368, 0.979118, 0.745757, 0.311338, 0.412710, 0.079537,
					0.276575, 0.151852, 0.512743, 0.459764, 0.129009, 0.810306, 0.303172, 0.707225, 0.064840, 0.669522,
					0.449941, 0.063998, 0.955632, 0.693256, 0.246055, 0.619385, 0.431037, 0.101842, 0.638619, 0.309422,
					0.009702, 0.182486, 0.093659, 0.602630, 0.055224, 0.830789, 0.206104, 0.037431, 0.443517, 0.034364,
					0.959375, 0.969068, 0.528184, 0.529876, 0.192358, 0.982462, 0.846922, 0.291642, 0.141091, 0.432351,
					0.024657, 0.342889, 0.888333, 0.483167, 0.498097, 0.620064, 0.176249, 0.838522, 0.011553, 0.266061,
					0.315742, 0.073756, 0.315324, 0.780040, 0.860588, 0.114942, 0.135668, 0.909446, 0.305278, 0.943823,
					0.279280, 0.034179, 0.312605, 0.050576, 0.685437, 0.063296, 0.880320, 0.504914, 0.345382, 0.541446,
					0.415754, 0.770917, 0.271245, 0.745204, 0.903143, 0.552132, 0.115707, 0.038745, 0.220432, 0.020841,
					0.618850, 0.653812, 0.190682, 0.759055, },
					new double[][] {
							{ 0.566343, 0.985567, 0.000219, 0.512613, 0.232627, 0.039313, 0.609674, 0.340668, 0.764107,
									0.557302, },
							{ 0.208368, 0.979118, 0.745757, 0.311338, 0.412710, 0.079537, 0.276575, 0.151852, 0.512743,
									0.459764, },
							{ 0.129009, 0.810306, 0.303172, 0.707225, 0.064840, 0.669522, 0.449941, 0.063998, 0.955632,
									0.693256, },
							{ 0.246055, 0.619385, 0.431037, 0.101842, 0.638619, 0.309422, 0.009702, 0.182486, 0.093659,
									0.602630, },
							{ 0.055224, 0.830789, 0.206104, 0.037431, 0.443517, 0.034364, 0.959375, 0.969068, 0.528184,
									0.529876, },
							{ 0.192358, 0.982462, 0.846922, 0.291642, 0.141091, 0.432351, 0.024657, 0.342889, 0.888333,
									0.483167, },
							{ 0.498097, 0.620064, 0.176249, 0.838522, 0.011553, 0.266061, 0.315742, 0.073756, 0.315324,
									0.780040, },
							{ 0.860588, 0.114942, 0.135668, 0.909446, 0.305278, 0.943823, 0.279280, 0.034179, 0.312605,
									0.050576, },
							{ 0.685437, 0.063296, 0.880320, 0.504914, 0.345382, 0.541446, 0.415754, 0.770917, 0.271245,
									0.745204, },
							{ 0.903143, 0.552132, 0.115707, 0.038745, 0.220432, 0.020841, 0.618850, 0.653812, 0.190682,
									0.759055, }, },
					new double[][] {
							{ 0.566343, 0.208368, 0.129009, 0.246055, 0.055224, 0.192358, 0.498097, 0.860588, 0.685437,
									0.903143, },
							{ 0.985567, 0.979118, 0.810306, 0.619385, 0.830789, 0.982462, 0.620064, 0.114942, 0.063296,
									0.552132, },
							{ 0.000219, 0.745757, 0.303172, 0.431037, 0.206104, 0.846922, 0.176249, 0.135668, 0.880320,
									0.115707, },
							{ 0.512613, 0.311338, 0.707225, 0.101842, 0.037431, 0.291642, 0.838522, 0.909446, 0.504914,
									0.038745, },
							{ 0.232627, 0.412710, 0.064840, 0.638619, 0.443517, 0.141091, 0.011553, 0.305278, 0.345382,
									0.220432, },
							{ 0.039313, 0.079537, 0.669522, 0.309422, 0.034364, 0.432351, 0.266061, 0.943823, 0.541446,
									0.020841, },
							{ 0.609674, 0.276575, 0.449941, 0.009702, 0.959375, 0.024657, 0.315742, 0.279280, 0.415754,
									0.618850, },
							{ 0.340668, 0.151852, 0.063998, 0.182486, 0.969068, 0.342889, 0.073756, 0.034179, 0.770917,
									0.653812, },
							{ 0.764107, 0.512743, 0.955632, 0.093659, 0.528184, 0.888333, 0.315324, 0.312605, 0.271245,
									0.190682, },
							{ 0.557302, 0.459764, 0.693256, 0.602630, 0.529876, 0.483167, 0.780040, 0.050576, 0.745204,
									0.759055, }, }),
			new GeneratedMatrixSet(10,
					new double[] { 0.580081, -0.278632, -0.724462, 0.237307, 0.240855, -0.590314, 0.113718, -0.011523,
							-0.668898, 0.196663, -0.985479, 0.389264, -0.924458, 0.150523, -0.022952, -0.604779,
							0.409316, 0.895443, -0.259457, 0.154654, 0.004395, -0.137350, -0.175937, 0.610017, 0.881190,
							0.097798, 0.062880, -0.118169, 0.411325, -0.467353, 0.514965, 0.918320, 0.480441, 0.732584,
							-0.519961, -0.846241, 0.855279, 0.047542, -0.444658, 0.990770, -0.612817, -0.177641,
							-0.853631, -0.193408, -0.415443, 0.863698, -0.342485, 0.880586, -0.700310, 0.714090,
							0.706662, 0.150036, -0.199226, 0.449737, -0.860586, -0.976465, 0.337811, 0.697192, 0.362817,
							0.616056, -0.538495, 0.355072, 0.575036, -0.282982, 0.817122, -0.889548, -0.163387,
							-0.437513, -0.089300, -0.744375, 0.610558, -0.945150, -0.567134, -0.460584, 0.392675,
							0.458122, 0.125920, -0.171735, 0.360161, -0.205713, -0.107258, 0.205784, 0.585668, 0.175824,
							-0.128554, -0.194447, 0.295624, 0.131874, 0.537615, -0.849614, 0.895810, 0.620236,
							-0.453655, -0.937653, 0.043759, -0.135342, -0.010805, -0.688693, 0.916747, 0.416652, },
					new double[][] {
							{ 0.580081, -0.278632, -0.724462, 0.237307, 0.240855, -0.590314, 0.113718, -0.011523,
									-0.668898, 0.196663, },
							{ -0.985479, 0.389264, -0.924458, 0.150523, -0.022952, -0.604779, 0.409316, 0.895443,
									-0.259457, 0.154654, },
							{ 0.004395, -0.137350, -0.175937, 0.610017, 0.881190, 0.097798, 0.062880, -0.118169,
									0.411325, -0.467353, },
							{ 0.514965, 0.918320, 0.480441, 0.732584, -0.519961, -0.846241, 0.855279, 0.047542,
									-0.444658, 0.990770, },
							{ -0.612817, -0.177641, -0.853631, -0.193408, -0.415443, 0.863698, -0.342485, 0.880586,
									-0.700310, 0.714090, },
							{ 0.706662, 0.150036, -0.199226, 0.449737, -0.860586, -0.976465, 0.337811, 0.697192,
									0.362817, 0.616056, },
							{ -0.538495, 0.355072, 0.575036, -0.282982, 0.817122, -0.889548, -0.163387, -0.437513,
									-0.089300, -0.744375, },
							{ 0.610558, -0.945150, -0.567134, -0.460584, 0.392675, 0.458122, 0.125920, -0.171735,
									0.360161, -0.205713, },
							{ -0.107258, 0.205784, 0.585668, 0.175824, -0.128554, -0.194447, 0.295624, 0.131874,
									0.537615, -0.849614, },
							{ 0.895810, 0.620236, -0.453655, -0.937653, 0.043759, -0.135342, -0.010805, -0.688693,
									0.916747, 0.416652, }, },
					new double[][] {
							{ 0.580081, -0.985479, 0.004395, 0.514965, -0.612817, 0.706662, -0.538495, 0.610558,
									-0.107258, 0.895810, },
							{ -0.278632, 0.389264, -0.137350, 0.918320, -0.177641, 0.150036, 0.355072, -0.945150,
									0.205784, 0.620236, },
							{ -0.724462, -0.924458, -0.175937, 0.480441, -0.853631, -0.199226, 0.575036, -0.567134,
									0.585668, -0.453655, },
							{ 0.237307, 0.150523, 0.610017, 0.732584, -0.193408, 0.449737, -0.282982, -0.460584,
									0.175824, -0.937653, },
							{ 0.240855, -0.022952, 0.881190, -0.519961, -0.415443, -0.860586, 0.817122, 0.392675,
									-0.128554, 0.043759, },
							{ -0.590314, -0.604779, 0.097798, -0.846241, 0.863698, -0.976465, -0.889548, 0.458122,
									-0.194447, -0.135342, },
							{ 0.113718, 0.409316, 0.062880, 0.855279, -0.342485, 0.337811, -0.163387, 0.125920,
									0.295624, -0.010805, },
							{ -0.011523, 0.895443, -0.118169, 0.047542, 0.880586, 0.697192, -0.437513, -0.171735,
									0.131874, -0.688693, },
							{ -0.668898, -0.259457, 0.411325, -0.444658, -0.700310, 0.362817, -0.089300, 0.360161,
									0.537615, 0.916747, },
							{ 0.196663, 0.154654, -0.467353, 0.990770, 0.714090, 0.616056, -0.744375, -0.205713,
									-0.849614, 0.416652, }, }),
			new GeneratedMatrixSet(10,
					new double[] { -1.172570, 0.206795, -3.119580, 0.126293, -0.312914, -1.063927, -0.161569, 1.103699,
							-1.603092, 1.096276, -1.631020, 0.235366, 1.468705, 0.702676, 0.218922, 0.351702, -0.806054,
							0.627524, -0.148606, 0.574032, -0.307178, -0.913861, -0.244096, -0.409297, 1.471379,
							0.527397, 2.264075, -0.497659, 2.325151, 0.219638, 0.427815, -0.181981, 0.465427, -0.100394,
							1.457958, 1.505969, 0.601330, -0.441214, -0.760574, -1.735661, -0.114459, 0.330869,
							0.368428, 0.614894, -0.172636, -0.959281, 0.899142, -1.704908, -0.861907, 1.468479,
							-0.257726, 1.208764, -0.769349, 0.732444, -0.740188, -0.200447, 1.347834, -0.861150,
							-3.109767, 0.248954, 2.582574, 1.125827, -0.749368, 1.128700, 1.029255, -0.779094, 1.285203,
							0.750878, -0.111294, 1.214592, 0.421129, -0.039055, -0.358567, -1.133936, -0.561152,
							1.288219, -0.826280, 0.317240, -0.930247, 0.510363, -0.022754, 1.600815, 0.580073,
							-0.860325, -1.672027, 0.097444, 1.668358, 0.973781, 0.665927, 0.252802, 0.088698, 0.837041,
							-0.082726, -0.804799, 2.030843, 1.394797, 0.103787, 0.114406, 1.104202, -0.664962, },
					new double[][] {
							{ -1.172570, 0.206795, -3.119580, 0.126293, -0.312914, -1.063927, -0.161569, 1.103699,
									-1.603092, 1.096276, },
							{ -1.631020, 0.235366, 1.468705, 0.702676, 0.218922, 0.351702, -0.806054, 0.627524,
									-0.148606, 0.574032, },
							{ -0.307178, -0.913861, -0.244096, -0.409297, 1.471379, 0.527397, 2.264075, -0.497659,
									2.325151, 0.219638, },
							{ 0.427815, -0.181981, 0.465427, -0.100394, 1.457958, 1.505969, 0.601330, -0.441214,
									-0.760574, -1.735661, },
							{ -0.114459, 0.330869, 0.368428, 0.614894, -0.172636, -0.959281, 0.899142, -1.704908,
									-0.861907, 1.468479, },
							{ -0.257726, 1.208764, -0.769349, 0.732444, -0.740188, -0.200447, 1.347834, -0.861150,
									-3.109767, 0.248954, },
							{ 2.582574, 1.125827, -0.749368, 1.128700, 1.029255, -0.779094, 1.285203, 0.750878,
									-0.111294, 1.214592, },
							{ 0.421129, -0.039055, -0.358567, -1.133936, -0.561152, 1.288219, -0.826280, 0.317240,
									-0.930247, 0.510363, },
							{ -0.022754, 1.600815, 0.580073, -0.860325, -1.672027, 0.097444, 1.668358, 0.973781,
									0.665927, 0.252802, },
							{ 0.088698, 0.837041, -0.082726, -0.804799, 2.030843, 1.394797, 0.103787, 0.114406,
									1.104202, -0.664962, }, },
					new double[][] {
							{ -1.172570, -1.631020, -0.307178, 0.427815, -0.114459, -0.257726, 2.582574, 0.421129,
									-0.022754, 0.088698, },
							{ 0.206795, 0.235366, -0.913861, -0.181981, 0.330869, 1.208764, 1.125827, -0.039055,
									1.600815, 0.837041, },
							{ -3.119580, 1.468705, -0.244096, 0.465427, 0.368428, -0.769349, -0.749368, -0.358567,
									0.580073, -0.082726, },
							{ 0.126293, 0.702676, -0.409297, -0.100394, 0.614894, 0.732444, 1.128700, -1.133936,
									-0.860325, -0.804799, },
							{ -0.312914, 0.218922, 1.471379, 1.457958, -0.172636, -0.740188, 1.029255, -0.561152,
									-1.672027, 2.030843, },
							{ -1.063927, 0.351702, 0.527397, 1.505969, -0.959281, -0.200447, -0.779094, 1.288219,
									0.097444, 1.394797, },
							{ -0.161569, -0.806054, 2.264075, 0.601330, 0.899142, 1.347834, 1.285203, -0.826280,
									1.668358, 0.103787, },
							{ 1.103699, 0.627524, -0.497659, -0.441214, -1.704908, -0.861150, 0.750878, 0.317240,
									0.973781, 0.114406, },
							{ -1.603092, -0.148606, 2.325151, -0.760574, -0.861907, -3.109767, -0.111294, -0.930247,
									0.665927, 1.104202, },
							{ 1.096276, 0.574032, 0.219638, -1.735661, 1.468479, 0.248954, 1.214592, 0.510363, 0.252802,
									-0.664962, }, }),
			new GeneratedMatrixSet(20, new double[] { 0.192010, 0.109827, 0.698048, 0.421436, 0.427118, 0.198298,
					0.391515, 0.719450, 0.410026, 0.769177, 0.779186, 0.979199, 0.569537, 0.525920, 0.646333, 0.702686,
					0.536102, 0.413601, 0.730488, 0.239556, 0.902701, 0.319788, 0.978623, 0.112802, 0.676238, 0.966228,
					0.328774, 0.981661, 0.817044, 0.631394, 0.736473, 0.020884, 0.448685, 0.223822, 0.054053, 0.203617,
					0.161077, 0.012297, 0.414829, 0.089344, 0.326971, 0.011334, 0.974370, 0.238890, 0.505223, 0.619025,
					0.217494, 0.305196, 0.813793, 0.609222, 0.552347, 0.181636, 0.621277, 0.991132, 0.581839, 0.328865,
					0.027813, 0.566817, 0.267940, 0.546700, 0.384546, 0.240693, 0.185747, 0.009326, 0.535393, 0.265021,
					0.201959, 0.340076, 0.555680, 0.641521, 0.206333, 0.866337, 0.509284, 0.841608, 0.974869, 0.965614,
					0.149239, 0.856384, 0.849963, 0.590557, 0.546329, 0.342426, 0.685406, 0.643750, 0.346023, 0.290499,
					0.423104, 0.862334, 0.726171, 0.211761, 0.743548, 0.268036, 0.156188, 0.309595, 0.463541, 0.039928,
					0.743045, 0.485161, 0.742359, 0.875264, 0.290197, 0.310817, 0.701485, 0.517976, 0.192638, 0.297997,
					0.763244, 0.154954, 0.944618, 0.884754, 0.870109, 0.806949, 0.346089, 0.573029, 0.759151, 0.673988,
					0.459817, 0.556883, 0.635046, 0.634411, 0.993125, 0.000284, 0.910243, 0.742180, 0.056563, 0.846685,
					0.162366, 0.618843, 0.186396, 0.672501, 0.096571, 0.094556, 0.108584, 0.632744, 0.094583, 0.316822,
					0.969018, 0.989441, 0.882287, 0.816119, 0.658109, 0.062093, 0.954208, 0.694327, 0.417360, 0.694340,
					0.655926, 0.184901, 0.131415, 0.492087, 0.244384, 0.322970, 0.581114, 0.155777, 0.821279, 0.359062,
					0.461424, 0.203092, 0.766137, 0.851913, 0.152675, 0.258258, 0.183401, 0.083822, 0.074367, 0.870275,
					0.921772, 0.556267, 0.947854, 0.514766, 0.924278, 0.844021, 0.447564, 0.032754, 0.023945, 0.012749,
					0.529970, 0.264600, 0.812687, 0.138073, 0.195332, 0.048422, 0.879939, 0.203377, 0.559342, 0.069741,
					0.542775, 0.799092, 0.890067, 0.272693, 0.170686, 0.597988, 0.700215, 0.673061, 0.345899, 0.538998,
					0.075522, 0.449485, 0.394051, 0.016355, 0.167152, 0.131632, 0.270244, 0.141344, 0.179320, 0.552683,
					0.391924, 0.320691, 0.242918, 0.988434, 0.772766, 0.978684, 0.281727, 0.566402, 0.730641, 0.239311,
					0.349903, 0.595729, 0.517978, 0.780242, 0.947715, 0.942302, 0.454267, 0.872252, 0.507092, 0.953392,
					0.528115, 0.825656, 0.579360, 0.722250, 0.980280, 0.679606, 0.254630, 0.675476, 0.079213, 0.990608,
					0.995582, 0.564612, 0.157176, 0.003369, 0.378012, 0.948295, 0.987624, 0.320090, 0.196283, 0.162441,
					0.753532, 0.423583, 0.013920, 0.593298, 0.181516, 0.055104, 0.517900, 0.791866, 0.898063, 0.499535,
					0.969750, 0.598034, 0.701862, 0.288574, 0.637409, 0.978943, 0.240189, 0.696828, 0.338848, 0.728459,
					0.527476, 0.676249, 0.131802, 0.523253, 0.850665, 0.551063, 0.743495, 0.085904, 0.868611, 0.878384,
					0.550092, 0.366542, 0.131783, 0.368957, 0.787675, 0.721950, 0.823657, 0.657970, 0.204845, 0.044664,
					0.256698, 0.017642, 0.551643, 0.674511, 0.543467, 0.811305, 0.140295, 0.711126, 0.907387, 0.602945,
					0.210343, 0.038409, 0.297845, 0.356682, 0.984070, 0.970499, 0.330798, 0.087429, 0.107685, 0.933704,
					0.088723, 0.656973, 0.639539, 0.010001, 0.982693, 0.148972, 0.868741, 0.485076, 0.704568, 0.401898,
					0.025846, 0.767499, 0.278739, 0.830666, 0.381860, 0.175542, 0.360534, 0.625752, 0.322631, 0.124247,
					0.222369, 0.782815, 0.732759, 0.187770, 0.318906, 0.186374, 0.426488, 0.360613, 0.928933, 0.147828,
					0.422603, 0.596296, 0.134361, 0.381144, 0.576181, 0.363095, 0.315701, 0.388760, 0.452118, 0.523906,
					0.418572, 0.625782, 0.353659, 0.320894, 0.477211, 0.612311, 0.103761, 0.625476, 0.268699, 0.371731,
					0.517891, 0.900338, 0.515520, 0.187050, 0.503983, 0.512542, 0.754282, 0.687915, 0.378558, 0.135427,
					0.844885, 0.707640, 0.297606, 0.981892, 0.107086, 0.182639, 0.666633, 0.522781, 0.240395, 0.605865,
					0.016362, 0.161451, 0.508405, 0.191424, 0.108880, 0.059287, 0.150096, 0.959216, 0.973611, 0.936747,
					0.618389, 0.406548, 0.163300, 0.210707, 0.040129, 0.297834, 0.767276, 0.271233, 0.241889, 0.374086,
					0.622564, 0.049534, 0.792434, 0.460589, },
					new double[][] {
							{ 0.192010, 0.109827, 0.698048, 0.421436, 0.427118, 0.198298, 0.391515, 0.719450, 0.410026,
									0.769177, 0.779186, 0.979199, 0.569537, 0.525920, 0.646333, 0.702686, 0.536102,
									0.413601, 0.730488, 0.239556, },
							{ 0.902701, 0.319788, 0.978623, 0.112802, 0.676238, 0.966228, 0.328774, 0.981661, 0.817044,
									0.631394, 0.736473, 0.020884, 0.448685, 0.223822, 0.054053, 0.203617, 0.161077,
									0.012297, 0.414829, 0.089344, },
							{ 0.326971, 0.011334, 0.974370, 0.238890, 0.505223, 0.619025, 0.217494, 0.305196, 0.813793,
									0.609222, 0.552347, 0.181636, 0.621277, 0.991132, 0.581839, 0.328865, 0.027813,
									0.566817, 0.267940, 0.546700, },
							{ 0.384546, 0.240693, 0.185747, 0.009326, 0.535393, 0.265021, 0.201959, 0.340076, 0.555680,
									0.641521, 0.206333, 0.866337, 0.509284, 0.841608, 0.974869, 0.965614, 0.149239,
									0.856384, 0.849963, 0.590557, },
							{ 0.546329, 0.342426, 0.685406, 0.643750, 0.346023, 0.290499, 0.423104, 0.862334, 0.726171,
									0.211761, 0.743548, 0.268036, 0.156188, 0.309595, 0.463541, 0.039928, 0.743045,
									0.485161, 0.742359, 0.875264, },
							{ 0.290197, 0.310817, 0.701485, 0.517976, 0.192638, 0.297997, 0.763244, 0.154954, 0.944618,
									0.884754, 0.870109, 0.806949, 0.346089, 0.573029, 0.759151, 0.673988, 0.459817,
									0.556883, 0.635046, 0.634411, },
							{ 0.993125, 0.000284, 0.910243, 0.742180, 0.056563, 0.846685, 0.162366, 0.618843, 0.186396,
									0.672501, 0.096571, 0.094556, 0.108584, 0.632744, 0.094583, 0.316822, 0.969018,
									0.989441, 0.882287, 0.816119, },
							{ 0.658109, 0.062093, 0.954208, 0.694327, 0.417360, 0.694340, 0.655926, 0.184901, 0.131415,
									0.492087, 0.244384, 0.322970, 0.581114, 0.155777, 0.821279, 0.359062, 0.461424,
									0.203092, 0.766137, 0.851913, },
							{ 0.152675, 0.258258, 0.183401, 0.083822, 0.074367, 0.870275, 0.921772, 0.556267, 0.947854,
									0.514766, 0.924278, 0.844021, 0.447564, 0.032754, 0.023945, 0.012749, 0.529970,
									0.264600, 0.812687, 0.138073, },
							{ 0.195332, 0.048422, 0.879939, 0.203377, 0.559342, 0.069741, 0.542775, 0.799092, 0.890067,
									0.272693, 0.170686, 0.597988, 0.700215, 0.673061, 0.345899, 0.538998, 0.075522,
									0.449485, 0.394051, 0.016355, },
							{ 0.167152, 0.131632, 0.270244, 0.141344, 0.179320, 0.552683, 0.391924, 0.320691, 0.242918,
									0.988434, 0.772766, 0.978684, 0.281727, 0.566402, 0.730641, 0.239311, 0.349903,
									0.595729, 0.517978, 0.780242, },
							{ 0.947715, 0.942302, 0.454267, 0.872252, 0.507092, 0.953392, 0.528115, 0.825656, 0.579360,
									0.722250, 0.980280, 0.679606, 0.254630, 0.675476, 0.079213, 0.990608, 0.995582,
									0.564612, 0.157176, 0.003369, },
							{ 0.378012, 0.948295, 0.987624, 0.320090, 0.196283, 0.162441, 0.753532, 0.423583, 0.013920,
									0.593298, 0.181516, 0.055104, 0.517900, 0.791866, 0.898063, 0.499535, 0.969750,
									0.598034, 0.701862, 0.288574, },
							{ 0.637409, 0.978943, 0.240189, 0.696828, 0.338848, 0.728459, 0.527476, 0.676249, 0.131802,
									0.523253, 0.850665, 0.551063, 0.743495, 0.085904, 0.868611, 0.878384, 0.550092,
									0.366542, 0.131783, 0.368957, },
							{ 0.787675, 0.721950, 0.823657, 0.657970, 0.204845, 0.044664, 0.256698, 0.017642, 0.551643,
									0.674511, 0.543467, 0.811305, 0.140295, 0.711126, 0.907387, 0.602945, 0.210343,
									0.038409, 0.297845, 0.356682, },
							{ 0.984070, 0.970499, 0.330798, 0.087429, 0.107685, 0.933704, 0.088723, 0.656973, 0.639539,
									0.010001, 0.982693, 0.148972, 0.868741, 0.485076, 0.704568, 0.401898, 0.025846,
									0.767499, 0.278739, 0.830666, },
							{ 0.381860, 0.175542, 0.360534, 0.625752, 0.322631, 0.124247, 0.222369, 0.782815, 0.732759,
									0.187770, 0.318906, 0.186374, 0.426488, 0.360613, 0.928933, 0.147828, 0.422603,
									0.596296, 0.134361, 0.381144, },
							{ 0.576181, 0.363095, 0.315701, 0.388760, 0.452118, 0.523906, 0.418572, 0.625782, 0.353659,
									0.320894, 0.477211, 0.612311, 0.103761, 0.625476, 0.268699, 0.371731, 0.517891,
									0.900338, 0.515520, 0.187050, },
							{ 0.503983, 0.512542, 0.754282, 0.687915, 0.378558, 0.135427, 0.844885, 0.707640, 0.297606,
									0.981892, 0.107086, 0.182639, 0.666633, 0.522781, 0.240395, 0.605865, 0.016362,
									0.161451, 0.508405, 0.191424, },
							{ 0.108880, 0.059287, 0.150096, 0.959216, 0.973611, 0.936747, 0.618389, 0.406548, 0.163300,
									0.210707, 0.040129, 0.297834, 0.767276, 0.271233, 0.241889, 0.374086, 0.622564,
									0.049534, 0.792434, 0.460589, }, },
					new double[][] {
							{ 0.192010, 0.902701, 0.326971, 0.384546, 0.546329, 0.290197, 0.993125, 0.658109, 0.152675,
									0.195332, 0.167152, 0.947715, 0.378012, 0.637409, 0.787675, 0.984070, 0.381860,
									0.576181, 0.503983, 0.108880, },
							{ 0.109827, 0.319788, 0.011334, 0.240693, 0.342426, 0.310817, 0.000284, 0.062093, 0.258258,
									0.048422, 0.131632, 0.942302, 0.948295, 0.978943, 0.721950, 0.970499, 0.175542,
									0.363095, 0.512542, 0.059287, },
							{ 0.698048, 0.978623, 0.974370, 0.185747, 0.685406, 0.701485, 0.910243, 0.954208, 0.183401,
									0.879939, 0.270244, 0.454267, 0.987624, 0.240189, 0.823657, 0.330798, 0.360534,
									0.315701, 0.754282, 0.150096, },
							{ 0.421436, 0.112802, 0.238890, 0.009326, 0.643750, 0.517976, 0.742180, 0.694327, 0.083822,
									0.203377, 0.141344, 0.872252, 0.320090, 0.696828, 0.657970, 0.087429, 0.625752,
									0.388760, 0.687915, 0.959216, },
							{ 0.427118, 0.676238, 0.505223, 0.535393, 0.346023, 0.192638, 0.056563, 0.417360, 0.074367,
									0.559342, 0.179320, 0.507092, 0.196283, 0.338848, 0.204845, 0.107685, 0.322631,
									0.452118, 0.378558, 0.973611, },
							{ 0.198298, 0.966228, 0.619025, 0.265021, 0.290499, 0.297997, 0.846685, 0.694340, 0.870275,
									0.069741, 0.552683, 0.953392, 0.162441, 0.728459, 0.044664, 0.933704, 0.124247,
									0.523906, 0.135427, 0.936747, },
							{ 0.391515, 0.328774, 0.217494, 0.201959, 0.423104, 0.763244, 0.162366, 0.655926, 0.921772,
									0.542775, 0.391924, 0.528115, 0.753532, 0.527476, 0.256698, 0.088723, 0.222369,
									0.418572, 0.844885, 0.618389, },
							{ 0.719450, 0.981661, 0.305196, 0.340076, 0.862334, 0.154954, 0.618843, 0.184901, 0.556267,
									0.799092, 0.320691, 0.825656, 0.423583, 0.676249, 0.017642, 0.656973, 0.782815,
									0.625782, 0.707640, 0.406548, },
							{ 0.410026, 0.817044, 0.813793, 0.555680, 0.726171, 0.944618, 0.186396, 0.131415, 0.947854,
									0.890067, 0.242918, 0.579360, 0.013920, 0.131802, 0.551643, 0.639539, 0.732759,
									0.353659, 0.297606, 0.163300, },
							{ 0.769177, 0.631394, 0.609222, 0.641521, 0.211761, 0.884754, 0.672501, 0.492087, 0.514766,
									0.272693, 0.988434, 0.722250, 0.593298, 0.523253, 0.674511, 0.010001, 0.187770,
									0.320894, 0.981892, 0.210707, },
							{ 0.779186, 0.736473, 0.552347, 0.206333, 0.743548, 0.870109, 0.096571, 0.244384, 0.924278,
									0.170686, 0.772766, 0.980280, 0.181516, 0.850665, 0.543467, 0.982693, 0.318906,
									0.477211, 0.107086, 0.040129, },
							{ 0.979199, 0.020884, 0.181636, 0.866337, 0.268036, 0.806949, 0.094556, 0.322970, 0.844021,
									0.597988, 0.978684, 0.679606, 0.055104, 0.551063, 0.811305, 0.148972, 0.186374,
									0.612311, 0.182639, 0.297834, },
							{ 0.569537, 0.448685, 0.621277, 0.509284, 0.156188, 0.346089, 0.108584, 0.581114, 0.447564,
									0.700215, 0.281727, 0.254630, 0.517900, 0.743495, 0.140295, 0.868741, 0.426488,
									0.103761, 0.666633, 0.767276, },
							{ 0.525920, 0.223822, 0.991132, 0.841608, 0.309595, 0.573029, 0.632744, 0.155777, 0.032754,
									0.673061, 0.566402, 0.675476, 0.791866, 0.085904, 0.711126, 0.485076, 0.360613,
									0.625476, 0.522781, 0.271233, },
							{ 0.646333, 0.054053, 0.581839, 0.974869, 0.463541, 0.759151, 0.094583, 0.821279, 0.023945,
									0.345899, 0.730641, 0.079213, 0.898063, 0.868611, 0.907387, 0.704568, 0.928933,
									0.268699, 0.240395, 0.241889, },
							{ 0.702686, 0.203617, 0.328865, 0.965614, 0.039928, 0.673988, 0.316822, 0.359062, 0.012749,
									0.538998, 0.239311, 0.990608, 0.499535, 0.878384, 0.602945, 0.401898, 0.147828,
									0.371731, 0.605865, 0.374086, },
							{ 0.536102, 0.161077, 0.027813, 0.149239, 0.743045, 0.459817, 0.969018, 0.461424, 0.529970,
									0.075522, 0.349903, 0.995582, 0.969750, 0.550092, 0.210343, 0.025846, 0.422603,
									0.517891, 0.016362, 0.622564, },
							{ 0.413601, 0.012297, 0.566817, 0.856384, 0.485161, 0.556883, 0.989441, 0.203092, 0.264600,
									0.449485, 0.595729, 0.564612, 0.598034, 0.366542, 0.038409, 0.767499, 0.596296,
									0.900338, 0.161451, 0.049534, },
							{ 0.730488, 0.414829, 0.267940, 0.849963, 0.742359, 0.635046, 0.882287, 0.766137, 0.812687,
									0.394051, 0.517978, 0.157176, 0.701862, 0.131783, 0.297845, 0.278739, 0.134361,
									0.515520, 0.508405, 0.792434, },
							{ 0.239556, 0.089344, 0.546700, 0.590557, 0.875264, 0.634411, 0.816119, 0.851913, 0.138073,
									0.016355, 0.780242, 0.003369, 0.288574, 0.368957, 0.356682, 0.830666, 0.381144,
									0.187050, 0.191424, 0.460589, }, }),
			new GeneratedMatrixSet(20, new double[] { 0.446046, -0.432485, 0.550759, 0.068439, -0.915101, -0.899218,
					-0.150967, 0.602140, 0.719442, -0.607101, -0.341049, 0.461205, -0.595350, -0.437542, 0.301696,
					-0.411462, -0.581582, 0.032624, 0.343161, -0.270869, -0.890572, 0.957265, -0.889211, -0.310504,
					0.144810, -0.872404, -0.233617, 0.239863, 0.741910, 0.490979, 0.789666, -0.305881, -0.912430,
					0.423308, 0.752804, -0.131518, 0.080014, 0.718653, 0.603940, -0.401584, 0.772533, 0.894621,
					-0.671757, -0.715707, -0.545162, -0.140850, 0.817797, -0.960138, 0.177052, 0.244201, 0.057110,
					0.933549, 0.703001, -0.215876, -0.681141, 0.541174, -0.626444, 0.001176, -0.035072, 0.569661,
					-0.832551, 0.157999, 0.660638, -0.335162, -0.633883, -0.053421, 0.335495, 0.682447, 0.660776,
					-0.294492, 0.061661, 0.679979, 0.284052, 0.092126, 0.171735, -0.321999, -0.194853, 0.083364,
					-0.599672, 0.843113, -0.403334, 0.938917, -0.390681, -0.839270, 0.662854, 0.332612, 0.744546,
					0.894362, 0.513152, -0.757410, 0.072095, 0.169125, -0.928404, 0.388241, -0.544771, -0.129324,
					-0.768244, -0.988482, 0.458408, -0.283165, 0.598527, 0.622603, -0.597295, 0.837640, 0.202232,
					-0.035404, -0.852632, -0.509403, 0.527146, 0.899209, -0.664894, 0.641424, -0.934327, 0.175188,
					0.114125, -0.943413, 0.791077, -0.886536, -0.062208, -0.717568, -0.564231, 0.127792, -0.056789,
					0.426765, -0.731173, -0.303094, -0.377117, -0.987781, 0.185561, -0.086012, -0.970980, -0.663240,
					-0.646451, -0.938498, -0.412048, -0.244758, 0.403750, -0.205771, 0.752489, -0.913134, 0.211908,
					-0.539423, -0.817048, -0.043005, -0.315378, 0.852042, 0.923025, -0.702286, 0.646087, -0.757075,
					-0.875580, 0.460105, -0.084344, 0.967197, 0.274769, 0.432179, -0.026991, -0.023324, 0.596051,
					-0.490060, -0.773128, -0.165591, -0.693773, -0.564919, -0.165167, -0.580525, 0.774671, -0.508703,
					-0.734007, -0.745869, -0.747637, 0.342253, -0.645215, -0.188464, -0.179299, 0.497733, -0.536537,
					-0.577985, -0.521809, 0.210523, 0.552390, -0.531866, 0.872148, 0.335099, 0.451403, 0.443575,
					0.082940, -0.779808, -0.567834, 0.148101, -0.918792, -0.939158, -0.699436, 0.800652, -0.996144,
					0.301547, 0.659843, -0.825118, 0.232534, 0.660634, -0.260677, 0.996208, -0.591303, 0.137000,
					0.240165, -0.213282, -0.017776, 0.963893, -0.981190, -0.895964, -0.334014, -0.109615, -0.889652,
					-0.307479, -0.743394, -0.600240, -0.411789, -0.550063, 0.682092, 0.514998, -0.936757, 0.309994,
					-0.150127, 0.695092, 0.244310, 0.150929, -0.105814, -0.008064, 0.914280, -0.337433, 0.759634,
					-0.883969, -0.080658, -0.260950, -0.291853, 0.350290, -0.673757, 0.411712, 0.299440, 0.354718,
					-0.228787, -0.403678, 0.670480, 0.820770, -0.794055, -0.998806, -0.472647, 0.662711, -0.259848,
					-0.572571, 0.163301, -0.025697, -0.913124, 0.389818, -0.970381, -0.667331, 0.235849, -0.503316,
					-0.088544, 0.197195, -0.588147, -0.650751, -0.401503, -0.870138, 0.119159, -0.144170, 0.090839,
					0.354385, 0.129783, -0.196545, -0.156671, -0.224920, 0.642417, -0.710734, 0.326965, 0.992388,
					0.520554, 0.186329, 0.273889, 0.080487, -0.487563, -0.796778, 0.372871, 0.933462, 0.662150,
					-0.705922, -0.104911, 0.839998, -0.259749, 0.185481, -0.244610, 0.612583, 0.454038, -0.391087,
					-0.147899, -0.924264, 0.441656, -0.537810, 0.178883, 0.008768, 0.610888, -0.429382, -0.835046,
					0.742121, -0.747368, -0.021671, 0.975471, -0.477669, 0.540697, 0.772564, 0.091673, -0.510822,
					0.523684, 0.328401, 0.390845, 0.649622, 0.521374, 0.558713, -0.840983, -0.413402, -0.042819,
					-0.736100, -0.005297, -0.193190, 0.089848, 0.998195, 0.399891, -0.389866, 0.851751, -0.995869,
					0.004887, -0.845717, -0.942239, -0.285997, -0.163528, -0.008107, -0.382204, 0.076930, -0.185719,
					0.773212, 0.067818, 0.542387, 0.748138, 0.036071, 0.728179, 0.915857, 0.509527, -0.954141, 0.104840,
					0.499485, -0.236761, 0.501714, -0.231833, -0.059578, 0.670624, 0.591178, 0.875597, 0.031781,
					0.313793, 0.354057, -0.251333, 0.345906, -0.759524, -0.392723, 0.471475, 0.026930, 0.492151,
					0.785999, 0.346842, 0.329335, -0.246552, 0.972307, -0.771956, -0.438474, 0.848707, 0.111287,
					0.238146, -0.021823, 0.711992, -0.044676, -0.804409, 0.862368, 0.169708, -0.369034, -0.816137,
					0.548323, -0.599591, -0.111280, -0.865334, 0.457792, -0.225769, -0.925341, -0.961806, 0.357910,
					0.924806, -0.346260, -0.549267, -0.004373, -0.630614, 0.718233, },
					new double[][] {
							{ 0.446046, -0.432485, 0.550759, 0.068439, -0.915101, -0.899218, -0.150967, 0.602140,
									0.719442, -0.607101, -0.341049, 0.461205, -0.595350, -0.437542, 0.301696, -0.411462,
									-0.581582, 0.032624, 0.343161, -0.270869, },
							{ -0.890572, 0.957265, -0.889211, -0.310504, 0.144810, -0.872404, -0.233617, 0.239863,
									0.741910, 0.490979, 0.789666, -0.305881, -0.912430, 0.423308, 0.752804, -0.131518,
									0.080014, 0.718653, 0.603940, -0.401584, },
							{ 0.772533, 0.894621, -0.671757, -0.715707, -0.545162, -0.140850, 0.817797, -0.960138,
									0.177052, 0.244201, 0.057110, 0.933549, 0.703001, -0.215876, -0.681141, 0.541174,
									-0.626444, 0.001176, -0.035072, 0.569661, },
							{ -0.832551, 0.157999, 0.660638, -0.335162, -0.633883, -0.053421, 0.335495, 0.682447,
									0.660776, -0.294492, 0.061661, 0.679979, 0.284052, 0.092126, 0.171735, -0.321999,
									-0.194853, 0.083364, -0.599672, 0.843113, },
							{ -0.403334, 0.938917, -0.390681, -0.839270, 0.662854, 0.332612, 0.744546, 0.894362,
									0.513152, -0.757410, 0.072095, 0.169125, -0.928404, 0.388241, -0.544771, -0.129324,
									-0.768244, -0.988482, 0.458408, -0.283165, },
							{ 0.598527, 0.622603, -0.597295, 0.837640, 0.202232, -0.035404, -0.852632, -0.509403,
									0.527146, 0.899209, -0.664894, 0.641424, -0.934327, 0.175188, 0.114125, -0.943413,
									0.791077, -0.886536, -0.062208, -0.717568, },
							{ -0.564231, 0.127792, -0.056789, 0.426765, -0.731173, -0.303094, -0.377117, -0.987781,
									0.185561, -0.086012, -0.970980, -0.663240, -0.646451, -0.938498, -0.412048,
									-0.244758, 0.403750, -0.205771, 0.752489, -0.913134, },
							{ 0.211908, -0.539423, -0.817048, -0.043005, -0.315378, 0.852042, 0.923025, -0.702286,
									0.646087, -0.757075, -0.875580, 0.460105, -0.084344, 0.967197, 0.274769, 0.432179,
									-0.026991, -0.023324, 0.596051, -0.490060, },
							{ -0.773128, -0.165591, -0.693773, -0.564919, -0.165167, -0.580525, 0.774671, -0.508703,
									-0.734007, -0.745869, -0.747637, 0.342253, -0.645215, -0.188464, -0.179299,
									0.497733, -0.536537, -0.577985, -0.521809, 0.210523, },
							{ 0.552390, -0.531866, 0.872148, 0.335099, 0.451403, 0.443575, 0.082940, -0.779808,
									-0.567834, 0.148101, -0.918792, -0.939158, -0.699436, 0.800652, -0.996144, 0.301547,
									0.659843, -0.825118, 0.232534, 0.660634, },
							{ -0.260677, 0.996208, -0.591303, 0.137000, 0.240165, -0.213282, -0.017776, 0.963893,
									-0.981190, -0.895964, -0.334014, -0.109615, -0.889652, -0.307479, -0.743394,
									-0.600240, -0.411789, -0.550063, 0.682092, 0.514998, },
							{ -0.936757, 0.309994, -0.150127, 0.695092, 0.244310, 0.150929, -0.105814, -0.008064,
									0.914280, -0.337433, 0.759634, -0.883969, -0.080658, -0.260950, -0.291853, 0.350290,
									-0.673757, 0.411712, 0.299440, 0.354718, },
							{ -0.228787, -0.403678, 0.670480, 0.820770, -0.794055, -0.998806, -0.472647, 0.662711,
									-0.259848, -0.572571, 0.163301, -0.025697, -0.913124, 0.389818, -0.970381,
									-0.667331, 0.235849, -0.503316, -0.088544, 0.197195, },
							{ -0.588147, -0.650751, -0.401503, -0.870138, 0.119159, -0.144170, 0.090839, 0.354385,
									0.129783, -0.196545, -0.156671, -0.224920, 0.642417, -0.710734, 0.326965, 0.992388,
									0.520554, 0.186329, 0.273889, 0.080487, },
							{ -0.487563, -0.796778, 0.372871, 0.933462, 0.662150, -0.705922, -0.104911, 0.839998,
									-0.259749, 0.185481, -0.244610, 0.612583, 0.454038, -0.391087, -0.147899, -0.924264,
									0.441656, -0.537810, 0.178883, 0.008768, },
							{ 0.610888, -0.429382, -0.835046, 0.742121, -0.747368, -0.021671, 0.975471, -0.477669,
									0.540697, 0.772564, 0.091673, -0.510822, 0.523684, 0.328401, 0.390845, 0.649622,
									0.521374, 0.558713, -0.840983, -0.413402, },
							{ -0.042819, -0.736100, -0.005297, -0.193190, 0.089848, 0.998195, 0.399891, -0.389866,
									0.851751, -0.995869, 0.004887, -0.845717, -0.942239, -0.285997, -0.163528,
									-0.008107, -0.382204, 0.076930, -0.185719, 0.773212, },
							{ 0.067818, 0.542387, 0.748138, 0.036071, 0.728179, 0.915857, 0.509527, -0.954141, 0.104840,
									0.499485, -0.236761, 0.501714, -0.231833, -0.059578, 0.670624, 0.591178, 0.875597,
									0.031781, 0.313793, 0.354057, },
							{ -0.251333, 0.345906, -0.759524, -0.392723, 0.471475, 0.026930, 0.492151, 0.785999,
									0.346842, 0.329335, -0.246552, 0.972307, -0.771956, -0.438474, 0.848707, 0.111287,
									0.238146, -0.021823, 0.711992, -0.044676, },
							{ -0.804409, 0.862368, 0.169708, -0.369034, -0.816137, 0.548323, -0.599591, -0.111280,
									-0.865334, 0.457792, -0.225769, -0.925341, -0.961806, 0.357910, 0.924806, -0.346260,
									-0.549267, -0.004373, -0.630614, 0.718233, }, },
					new double[][] {
							{ 0.446046, -0.890572, 0.772533, -0.832551, -0.403334, 0.598527, -0.564231, 0.211908,
									-0.773128, 0.552390, -0.260677, -0.936757, -0.228787, -0.588147, -0.487563,
									0.610888, -0.042819, 0.067818, -0.251333, -0.804409, },
							{ -0.432485, 0.957265, 0.894621, 0.157999, 0.938917, 0.622603, 0.127792, -0.539423,
									-0.165591, -0.531866, 0.996208, 0.309994, -0.403678, -0.650751, -0.796778,
									-0.429382, -0.736100, 0.542387, 0.345906, 0.862368, },
							{ 0.550759, -0.889211, -0.671757, 0.660638, -0.390681, -0.597295, -0.056789, -0.817048,
									-0.693773, 0.872148, -0.591303, -0.150127, 0.670480, -0.401503, 0.372871, -0.835046,
									-0.005297, 0.748138, -0.759524, 0.169708, },
							{ 0.068439, -0.310504, -0.715707, -0.335162, -0.839270, 0.837640, 0.426765, -0.043005,
									-0.564919, 0.335099, 0.137000, 0.695092, 0.820770, -0.870138, 0.933462, 0.742121,
									-0.193190, 0.036071, -0.392723, -0.369034, },
							{ -0.915101, 0.144810, -0.545162, -0.633883, 0.662854, 0.202232, -0.731173, -0.315378,
									-0.165167, 0.451403, 0.240165, 0.244310, -0.794055, 0.119159, 0.662150, -0.747368,
